1 1 1	nan	nan	0.0888889
1 1 2	nan	nan	0.0727273
1 1 3	nan	nan	0.0615385
1 1 4	nan	nan	0.0533333
1 1 5	nan	nan	0.0470588
1 1 6	nan	nan	0.0421053
1 1 7	nan	nan	0.0380952
1 1 8	nan	nan	0.0347826
1 1 9	nan	nan	0.0320000
1 1 10	nan	nan	0.0296296
1 1 11	nan	nan	0.0275862
1 1 12	nan	nan	0.0258065
1 1 13	nan	nan	0.0242424
1 1 14	nan	nan	0.0228571
1 1 15	nan	nan	0.0216216
1 1 16	nan	nan	0.0205128
1 1 17	nan	nan	0.0195122
1 1 18	nan	nan	0.0186047
1 1 19	nan	nan	0.0177778
1 1 20	nan	nan	0.0170213
1 2 1	nan	nan	0.0888889
1 2 2	nan	nan	0.0727273
1 2 3	nan	nan	0.0615385
1 2 4	nan	nan	0.0533333
1 2 5	nan	nan	0.0470588
1 2 6	nan	nan	0.0421053
1 2 7	nan	nan	0.0380952
1 2 8	nan	nan	0.0347826
1 2 9	nan	nan	0.0320000
1 2 10	nan	nan	0.0296296
1 2 11	nan	nan	0.0275862
1 2 12	nan	nan	0.0258065
1 2 13	nan	nan	0.0242424
1 2 14	nan	nan	0.0228571
1 2 15	nan	nan	0.0216216
1 2 16	nan	nan	0.0205128
1 2 17	nan	nan	0.0195122
1 2 18	nan	nan	0.0186047
1 2 19	nan	nan	0.0177778
1 2 20	nan	nan	0.0170213
1 3 1	nan	nan	0.0888889
1 3 2	nan	nan	0.0727273
1 3 3	nan	nan	0.0615385
1 3 4	nan	nan	0.0533333
1 3 5	nan	nan	0.0470588
1 3 6	nan	nan	0.0421053
1 3 7	nan	nan	0.0380952
1 3 8	nan	nan	0.0347826
1 3 9	nan	nan	0.0320000
1 3 10	nan	nan	0.0296296
1 3 11	nan	nan	0.0275862
1 3 12	nan	nan	0.0258065
1 3 13	nan	nan	0.0242424
1 3 14	nan	nan	0.0228571
1 3 15	nan	nan	0.0216216
1 3 16	nan	nan	0.0205128
1 3 17	nan	nan	0.0195122
1 3 18	nan	nan	0.0186047
1 3 19	nan	nan	0.0177778
1 3 20	nan	nan	0.0170213
1 4 1	nan	nan	0.0888889
1 4 2	nan	nan	0.0727273
1 4 3	nan	nan	0.0615385
1 4 4	nan	nan	0.0533333
1 4 5	nan	nan	0.0470588
1 4 6	nan	nan	0.0421053
1 4 7	nan	nan	0.0380952
1 4 8	nan	nan	0.0347826
1 4 9	nan	nan	0.0320000
1 4 10	nan	nan	0.0296296
1 4 11	nan	nan	0.0275862
1 4 12	nan	nan	0.0258065
1 4 13	nan	nan	0.0242424
1 4 14	nan	nan	0.0228571
1 4 15	nan	nan	0.0216216
1 4 16	nan	nan	0.0205128
1 4 17	nan	nan	0.0195122
1 4 18	nan	nan	0.0186047
1 4 19	nan	nan	0.0177778
1 4 20	nan	nan	0.0170213
1 5 1	nan	nan	0.0888889
1 5 2	nan	nan	0.0727273
1 5 3	nan	nan	0.0615385
1 5 4	nan	nan	0.0533333
1 5 5	nan	nan	0.0470588
1 5 6	nan	nan	0.0421053
1 5 7	nan	nan	0.0380952
1 5 8	nan	nan	0.0347826
1 5 9	nan	nan	0.0320000
1 5 10	nan	nan	0.0296296
1 5 11	nan	nan	0.0275862
1 5 12	nan	nan	0.0258065
1 5 13	nan	nan	0.0242424
1 5 14	nan	nan	0.0228571
1 5 15	nan	nan	0.0216216
1 5 16	nan	nan	0.0205128
1 5 17	nan	nan	0.0195122
1 5 18	nan	nan	0.0186047
1 5 19	nan	nan	0.0177778
1 5 20	nan	nan	0.0170213
1 6 1	nan	nan	0.0888889
1 6 2	nan	nan	0.0727273
1 6 3	nan	nan	0.0615385
1 6 4	nan	nan	0.0533333
1 6 5	nan	nan	0.0470588
1 6 6	nan	nan	0.0421053
1 6 7	nan	nan	0.0380952
1 6 8	nan	nan	0.0347826
1 6 9	nan	nan	0.0320000
1 6 10	nan	nan	0.0296296
1 6 11	nan	nan	0.0275862
1 6 12	nan	nan	0.0258065
1 6 13	nan	nan	0.0242424
1 6 14	nan	nan	0.0228571
1 6 15	nan	nan	0.0216216
1 6 16	nan	nan	0.0205128
1 6 17	nan	nan	0.0195122
1 6 18	nan	nan	0.0186047
1 6 19	nan	nan	0.0177778
1 6 20	nan	nan	0.0170213
1 7 1	nan	nan	0.0888889
1 7 2	nan	nan	0.0727273
1 7 3	nan	nan	0.0615385
1 7 4	nan	nan	0.0533333
1 7 5	nan	nan	0.0470588
1 7 6	nan	nan	0.0421053
1 7 7	nan	nan	0.0380952
1 7 8	nan	nan	0.0347826
1 7 9	nan	nan	0.0320000
1 7 10	nan	nan	0.0296296
1 7 11	nan	nan	0.0275862
1 7 12	nan	nan	0.0258065
1 7 13	nan	nan	0.0242424
1 7 14	nan	nan	0.0228571
1 7 15	nan	nan	0.0216216
1 7 16	nan	nan	0.0205128
1 7 17	nan	nan	0.0195122
1 7 18	nan	nan	0.0186047
1 7 19	nan	nan	0.0177778
1 7 20	nan	nan	0.0170213
1 8 1	nan	nan	0.0888889
1 8 2	nan	nan	0.0727273
1 8 3	nan	nan	0.0615385
1 8 4	nan	nan	0.0533333
1 8 5	nan	nan	0.0470588
1 8 6	nan	nan	0.0421053
1 8 7	nan	nan	0.0380952
1 8 8	nan	nan	0.0347826
1 8 9	nan	nan	0.0320000
1 8 10	nan	nan	0.0296296
1 8 11	nan	nan	0.0275862
1 8 12	nan	nan	0.0258065
1 8 13	nan	nan	0.0242424
1 8 14	nan	nan	0.0228571
1 8 15	nan	nan	0.0216216
1 8 16	nan	nan	0.0205128
1 8 17	nan	nan	0.0195122
1 8 18	nan	nan	0.0186047
1 8 19	nan	nan	0.0177778
1 8 20	nan	nan	0.0170213
1 9 1	nan	nan	0.0888889
1 9 2	nan	nan	0.0727273
1 9 3	nan	nan	0.0615385
1 9 4	nan	nan	0.0533333
1 9 5	nan	nan	0.0470588
1 9 6	nan	nan	0.0421053
1 9 7	nan	nan	0.0380952
1 9 8	nan	nan	0.0347826
1 9 9	nan	nan	0.0320000
1 9 10	nan	nan	0.0296296
1 9 11	nan	nan	0.0275862
1 9 12	nan	nan	0.0258065
1 9 13	nan	nan	0.0242424
1 9 14	nan	nan	0.0228571
1 9 15	nan	nan	0.0216216
1 9 16	nan	nan	0.0205128
1 9 17	nan	nan	0.0195122
1 9 18	nan	nan	0.0186047
1 9 19	nan	nan	0.0177778
1 9 20	nan	nan	0.0170213
1 10 1	nan	nan	0.0888889
1 10 2	nan	nan	0.0727273
1 10 3	nan	nan	0.0615385
1 10 4	nan	nan	0.0533333
1 10 5	nan	nan	0.0470588
1 10 6	nan	nan	0.0421053
1 10 7	nan	nan	0.0380952
1 10 8	nan	nan	0.0347826
1 10 9	nan	nan	0.0320000
1 10 10	nan	nan	0.0296296
1 10 11	nan	nan	0.0275862
1 10 12	nan	nan	0.0258065
1 10 13	nan	nan	0.0242424
1 10 14	nan	nan	0.0228571
1 10 15	nan	nan	0.0216216
1 10 16	nan	nan	0.0205128
1 10 17	nan	nan	0.0195122
1 10 18	nan	nan	0.0186047
1 10 19	nan	nan	0.0177778
1 10 20	nan	nan	0.0170213
1 11 1	nan	nan	0.0888889
1 11 2	nan	nan	0.0727273
1 11 3	nan	nan	0.0615385
1 11 4	nan	nan	0.0533333
1 11 5	nan	nan	0.0470588
1 11 6	nan	nan	0.0421053
1 11 7	nan	nan	0.0380952
1 11 8	nan	nan	0.0347826
1 11 9	nan	nan	0.0320000
1 11 10	nan	nan	0.0296296
1 11 11	nan	nan	0.0275862
1 11 12	nan	nan	0.0258065
1 11 13	nan	nan	0.0242424
1 11 14	nan	nan	0.0228571
1 11 15	nan	nan	0.0216216
1 11 16	nan	nan	0.0205128
1 11 17	nan	nan	0.0195122
1 11 18	nan	nan	0.0186047
1 11 19	nan	nan	0.0177778
1 11 20	nan	nan	0.0170213
1 12 1	nan	nan	0.0888889
1 12 2	nan	nan	0.0727273
1 12 3	nan	nan	0.0615385
1 12 4	nan	nan	0.0533333
1 12 5	nan	nan	0.0470588
1 12 6	nan	nan	0.0421053
1 12 7	nan	nan	0.0380952
1 12 8	nan	nan	0.0347826
1 12 9	nan	nan	0.0320000
1 12 10	nan	nan	0.0296296
1 12 11	nan	nan	0.0275862
1 12 12	nan	nan	0.0258065
1 12 13	nan	nan	0.0242424
1 12 14	nan	nan	0.0228571
1 12 15	nan	nan	0.0216216
1 12 16	nan	nan	0.0205128
1 12 17	nan	nan	0.0195122
1 12 18	nan	nan	0.0186047
1 12 19	nan	nan	0.0177778
1 12 20	nan	nan	0.0170213
1 13 1	nan	nan	0.0888889
1 13 2	nan	nan	0.0727273
1 13 3	nan	nan	0.0615385
1 13 4	nan	nan	0.0533333
1 13 5	nan	nan	0.0470588
1 13 6	nan	nan	0.0421053
1 13 7	nan	nan	0.0380952
1 13 8	nan	nan	0.0347826
1 13 9	nan	nan	0.0320000
1 13 10	nan	nan	0.0296296
1 13 11	nan	nan	0.0275862
1 13 12	nan	nan	0.0258065
1 13 13	nan	nan	0.0242424
1 13 14	nan	nan	0.0228571
1 13 15	nan	nan	0.0216216
1 13 16	nan	nan	0.0205128
1 13 17	nan	nan	0.0195122
1 13 18	nan	nan	0.0186047
1 13 19	nan	nan	0.0177778
1 13 20	nan	nan	0.0170213
1 14 1	nan	nan	0.0888889
1 14 2	nan	nan	0.0727273
1 14 3	nan	nan	0.0615385
1 14 4	nan	nan	0.0533333
1 14 5	nan	nan	0.0470588
1 14 6	nan	nan	0.0421053
1 14 7	nan	nan	0.0380952
1 14 8	nan	nan	0.0347826
1 14 9	nan	nan	0.0320000
1 14 10	nan	nan	0.0296296
1 14 11	nan	nan	0.0275862
1 14 12	nan	nan	0.0258065
1 14 13	nan	nan	0.0242424
1 14 14	nan	nan	0.0228571
1 14 15	nan	nan	0.0216216
1 14 16	nan	nan	0.0205128
1 14 17	nan	nan	0.0195122
1 14 18	nan	nan	0.0186047
1 14 19	nan	nan	0.0177778
1 14 20	nan	nan	0.0170213
1 15 1	nan	nan	0.0888889
1 15 2	nan	nan	0.0727273
1 15 3	nan	nan	0.0615385
1 15 4	nan	nan	0.0533333
1 15 5	nan	nan	0.0470588
1 15 6	nan	nan	0.0421053
1 15 7	nan	nan	0.0380952
1 15 8	nan	nan	0.0347826
1 15 9	nan	nan	0.0320000
1 15 10	nan	nan	0.0296296
1 15 11	nan	nan	0.0275862
1 15 12	nan	nan	0.0258065
1 15 13	nan	nan	0.0242424
1 15 14	nan	nan	0.0228571
1 15 15	nan	nan	0.0216216
1 15 16	nan	nan	0.0205128
1 15 17	nan	nan	0.0195122
1 15 18	nan	nan	0.0186047
1 15 19	nan	nan	0.0177778
1 15 20	nan	nan	0.0170213
1 16 1	nan	nan	0.0888889
1 16 2	nan	nan	0.0727273
1 16 3	nan	nan	0.0615385
1 16 4	nan	nan	0.0533333
1 16 5	nan	nan	0.0470588
1 16 6	nan	nan	0.0421053
1 16 7	nan	nan	0.0380952
1 16 8	nan	nan	0.0347826
1 16 9	nan	nan	0.0320000
1 16 10	nan	nan	0.0296296
1 16 11	nan	nan	0.0275862
1 16 12	nan	nan	0.0258065
1 16 13	nan	nan	0.0242424
1 16 14	nan	nan	0.0228571
1 16 15	nan	nan	0.0216216
1 16 16	nan	nan	0.0205128
1 16 17	nan	nan	0.0195122
1 16 18	nan	nan	0.0186047
1 16 19	nan	nan	0.0177778
1 16 20	nan	nan	0.0170213
1 17 1	nan	nan	0.0888889
1 17 2	nan	nan	0.0727273
1 17 3	nan	nan	0.0615385
1 17 4	nan	nan	0.0533333
1 17 5	nan	nan	0.0470588
1 17 6	nan	nan	0.0421053
1 17 7	nan	nan	0.0380952
1 17 8	nan	nan	0.0347826
1 17 9	nan	nan	0.0320000
1 17 10	nan	nan	0.0296296
1 17 11	nan	nan	0.0275862
1 17 12	nan	nan	0.0258065
1 17 13	nan	nan	0.0242424
1 17 14	nan	nan	0.0228571
1 17 15	nan	nan	0.0216216
1 17 16	nan	nan	0.0205128
1 17 17	nan	nan	0.0195122
1 17 18	nan	nan	0.0186047
1 17 19	nan	nan	0.0177778
1 17 20	nan	nan	0.0170213
1 18 1	nan	nan	0.0888889
1 18 2	nan	nan	0.0727273
1 18 3	nan	nan	0.0615385
1 18 4	nan	nan	0.0533333
1 18 5	nan	nan	0.0470588
1 18 6	nan	nan	0.0421053
1 18 7	nan	nan	0.0380952
1 18 8	nan	nan	0.0347826
1 18 9	nan	nan	0.0320000
1 18 10	nan	nan	0.0296296
1 18 11	nan	nan	0.0275862
1 18 12	nan	nan	0.0258065
1 18 13	nan	nan	0.0242424
1 18 14	nan	nan	0.0228571
1 18 15	nan	nan	0.0216216
1 18 16	nan	nan	0.0205128
1 18 17	nan	nan	0.0195122
1 18 18	nan	nan	0.0186047
1 18 19	nan	nan	0.0177778
1 18 20	nan	nan	0.0170213
1 19 1	nan	nan	0.0888889
1 19 2	nan	nan	0.0727273
1 19 3	nan	nan	0.0615385
1 19 4	nan	nan	0.0533333
1 19 5	nan	nan	0.0470588
1 19 6	nan	nan	0.0421053
1 19 7	nan	nan	0.0380952
1 19 8	nan	nan	0.0347826
1 19 9	nan	nan	0.0320000
1 19 10	nan	nan	0.0296296
1 19 11	nan	nan	0.0275862
1 19 12	nan	nan	0.0258065
1 19 13	nan	nan	0.0242424
1 19 14	nan	nan	0.0228571
1 19 15	nan	nan	0.0216216
1 19 16	nan	nan	0.0205128
1 19 17	nan	nan	0.0195122
1 19 18	nan	nan	0.0186047
1 19 19	nan	nan	0.0177778
1 19 20	nan	nan	0.0170213
1 20 1	nan	nan	0.0888889
1 20 2	nan	nan	0.0727273
1 20 3	nan	nan	0.0615385
1 20 4	nan	nan	0.0533333
1 20 5	nan	nan	0.0470588
1 20 6	nan	nan	0.0421053
1 20 7	nan	nan	0.0380952
1 20 8	nan	nan	0.0347826
1 20 9	nan	nan	0.0320000
1 20 10	nan	nan	0.0296296
1 20 11	nan	nan	0.0275862
1 20 12	nan	nan	0.0258065
1 20 13	nan	nan	0.0242424
1 20 14	nan	nan	0.0228571
1 20 15	nan	nan	0.0216216
1 20 16	nan	nan	0.0205128
1 20 17	nan	nan	0.0195122
1 20 18	nan	nan	0.0186047
1 20 19	nan	nan	0.0177778
1 20 20	nan	nan	0.0170213
1 21 1	0.0000000	0.000000000	0.0888889
1 21 2	0.0000000	0.000000000	0.0727273
1 21 3	0.0000000	0.000000000	0.0615385
1 21 4	0.0000000	0.000000000	0.0533333
1 21 5	0.0000000	0.000000000	0.0470588
1 21 6	0.0000000	0.000000000	0.0421053
1 21 7	0.0000000	0.000000000	0.0380952
1 21 8	0.0000000	0.000000000	0.0347826
1 21 9	0.0000000	0.000000000	0.0320000
1 21 10	0.0000000	0.000000000	0.0296296
1 21 11	0.0000000	0.000000000	0.0275862
1 21 12	0.0000000	0.000000000	0.0258065
1 21 13	0.0000000	0.000000000	0.0242424
1 21 14	0.0000000	0.000000000	0.0228571
1 21 15	0.0000000	0.000000000	0.0216216
1 21 16	0.0000000	0.000000000	0.0205128
1 21 17	0.0000000	0.000000000	0.0195122
1 21 18	0.0000000	0.000000000	0.0186047
1 21 19	0.0000000	0.000000000	0.0177778
1 21 20	0.0000000	0.000000000	0.0170213
1 22 1	0.0000000	0.000000000	0.0888889
1 22 2	0.0000000	0.000000000	0.0727273
1 22 3	0.0000000	0.000000000	0.0615385
1 22 4	0.0000000	0.000000000	0.0533333
1 22 5	0.0000000	0.000000000	0.0470588
1 22 6	0.0000000	0.000000000	0.0421053
1 22 7	0.0000000	0.000000000	0.0380952
1 22 8	0.0000000	0.000000000	0.0347826
1 22 9	0.0000000	0.000000000	0.0320000
1 22 10	0.0000000	0.000000000	0.0296296
1 22 11	0.0000000	0.000000000	0.0275862
1 22 12	0.0000000	0.000000000	0.0258065
1 22 13	0.0000000	0.000000000	0.0242424
1 22 14	0.0000000	0.000000000	0.0228571
1 22 15	0.0000000	0.000000000	0.0216216
1 22 16	0.0000000	0.000000000	0.0205128
1 22 17	0.0000000	0.000000000	0.0195122
1 22 18	0.0000000	0.000000000	0.0186047
1 22 19	0.0000000	0.000000000	0.0177778
1 22 20	0.0000000	0.000000000	0.0170213
1 23 1	nan	nan	0.0888889
1 23 2	nan	nan	0.0727273
1 23 3	nan	nan	0.0615385
1 23 4	nan	nan	0.0533333
1 23 5	nan	nan	0.0470588
1 23 6	nan	nan	0.0421053
1 23 7	nan	nan	0.0380952
1 23 8	nan	nan	0.0347826
1 23 9	nan	nan	0.0320000
1 23 10	nan	nan	0.0296296
1 23 11	nan	nan	0.0275862
1 23 12	nan	nan	0.0258065
1 23 13	nan	nan	0.0242424
1 23 14	nan	nan	0.0228571
1 23 15	nan	nan	0.0216216
1 23 16	nan	nan	0.0205128
1 23 17	nan	nan	0.0195122
1 23 18	nan	nan	0.0186047
1 23 19	nan	nan	0.0177778
1 23 20	nan	nan	0.0170213
1 24 1	nan	nan	0.0888889
1 24 2	nan	nan	0.0727273
1 24 3	nan	nan	0.0615385
1 24 4	nan	nan	0.0533333
1 24 5	nan	nan	0.0470588
1 24 6	nan	nan	0.0421053
1 24 7	nan	nan	0.0380952
1 24 8	nan	nan	0.0347826
1 24 9	nan	nan	0.0320000
1 24 10	nan	nan	0.0296296
1 24 11	nan	nan	0.0275862
1 24 12	nan	nan	0.0258065
1 24 13	nan	nan	0.0242424
1 24 14	nan	nan	0.0228571
1 24 15	nan	nan	0.0216216
1 24 16	nan	nan	0.0205128
1 24 17	nan	nan	0.0195122
1 24 18	nan	nan	0.0186047
1 24 19	nan	nan	0.0177778
1 24 20	nan	nan	0.0170213
1 25 1	nan	nan	0.0888889
1 25 2	nan	nan	0.0727273
1 25 3	nan	nan	0.0615385
1 25 4	nan	nan	0.0533333
1 25 5	nan	nan	0.0470588
1 25 6	nan	nan	0.0421053
1 25 7	nan	nan	0.0380952
1 25 8	nan	nan	0.0347826
1 25 9	nan	nan	0.0320000
1 25 10	nan	nan	0.0296296
1 25 11	nan	nan	0.0275862
1 25 12	nan	nan	0.0258065
1 25 13	nan	nan	0.0242424
1 25 14	nan	nan	0.0228571
1 25 15	nan	nan	0.0216216
1 25 16	nan	nan	0.0205128
1 25 17	nan	nan	0.0195122
1 25 18	nan	nan	0.0186047
1 25 19	nan	nan	0.0177778
1 25 20	nan	nan	0.0170213
1 26 1	nan	nan	0.0888889
1 26 2	nan	nan	0.0727273
1 26 3	nan	nan	0.0615385
1 26 4	nan	nan	0.0533333
1 26 5	nan	nan	0.0470588
1 26 6	nan	nan	0.0421053
1 26 7	nan	nan	0.0380952
1 26 8	nan	nan	0.0347826
1 26 9	nan	nan	0.0320000
1 26 10	nan	nan	0.0296296
1 26 11	nan	nan	0.0275862
1 26 12	nan	nan	0.0258065
1 26 13	nan	nan	0.0242424
1 26 14	nan	nan	0.0228571
1 26 15	nan	nan	0.0216216
1 26 16	nan	nan	0.0205128
1 26 17	nan	nan	0.0195122
1 26 18	nan	nan	0.0186047
1 26 19	nan	nan	0.0177778
1 26 20	nan	nan	0.0170213
1 27 1	nan	nan	0.0888889
1 27 2	nan	nan	0.0727273
1 27 3	nan	nan	0.0615385
1 27 4	nan	nan	0.0533333
1 27 5	nan	nan	0.0470588
1 27 6	nan	nan	0.0421053
1 27 7	nan	nan	0.0380952
1 27 8	nan	nan	0.0347826
1 27 9	nan	nan	0.0320000
1 27 10	nan	nan	0.0296296
1 27 11	nan	nan	0.0275862
1 27 12	nan	nan	0.0258065
1 27 13	nan	nan	0.0242424
1 27 14	nan	nan	0.0228571
1 27 15	nan	nan	0.0216216
1 27 16	nan	nan	0.0205128
1 27 17	nan	nan	0.0195122
1 27 18	nan	nan	0.0186047
1 27 19	nan	nan	0.0177778
1 27 20	nan	nan	0.0170213
1 28 1	nan	nan	0.0888889
1 28 2	nan	nan	0.0727273
1 28 3	nan	nan	0.0615385
1 28 4	nan	nan	0.0533333
1 28 5	nan	nan	0.0470588
1 28 6	nan	nan	0.0421053
1 28 7	nan	nan	0.0380952
1 28 8	nan	nan	0.0347826
1 28 9	nan	nan	0.0320000
1 28 10	nan	nan	0.0296296
1 28 11	nan	nan	0.0275862
1 28 12	nan	nan	0.0258065
1 28 13	nan	nan	0.0242424
1 28 14	nan	nan	0.0228571
1 28 15	nan	nan	0.0216216
1 28 16	nan	nan	0.0205128
1 28 17	nan	nan	0.0195122
1 28 18	nan	nan	0.0186047
1 28 19	nan	nan	0.0177778
1 28 20	nan	nan	0.0170213
1 29 1	nan	nan	0.0888889
1 29 2	nan	nan	0.0727273
1 29 3	nan	nan	0.0615385
1 29 4	nan	nan	0.0533333
1 29 5	nan	nan	0.0470588
1 29 6	nan	nan	0.0421053
1 29 7	nan	nan	0.0380952
1 29 8	nan	nan	0.0347826
1 29 9	nan	nan	0.0320000
1 29 10	nan	nan	0.0296296
1 29 11	nan	nan	0.0275862
1 29 12	nan	nan	0.0258065
1 29 13	nan	nan	0.0242424
1 29 14	nan	nan	0.0228571
1 29 15	nan	nan	0.0216216
1 29 16	nan	nan	0.0205128
1 29 17	nan	nan	0.0195122
1 29 18	nan	nan	0.0186047
1 29 19	nan	nan	0.0177778
1 29 20	nan	nan	0.0170213
1 30 1	nan	nan	0.0888889
1 30 2	nan	nan	0.0727273
1 30 3	nan	nan	0.0615385
1 30 4	nan	nan	0.0533333
1 30 5	nan	nan	0.0470588
1 30 6	nan	nan	0.0421053
1 30 7	nan	nan	0.0380952
1 30 8	nan	nan	0.0347826
1 30 9	nan	nan	0.0320000
1 30 10	nan	nan	0.0296296
1 30 11	nan	nan	0.0275862
1 30 12	nan	nan	0.0258065
1 30 13	nan	nan	0.0242424
1 30 14	nan	nan	0.0228571
1 30 15	nan	nan	0.0216216
1 30 16	nan	nan	0.0205128
1 30 17	nan	nan	0.0195122
1 30 18	nan	nan	0.0186047
1 30 19	nan	nan	0.0177778
1 30 20	nan	nan	0.0170213
1 31 1	nan	nan	0.0888889
1 31 2	nan	nan	0.0727273
1 31 3	nan	nan	0.0615385
1 31 4	nan	nan	0.0533333
1 31 5	nan	nan	0.0470588
1 31 6	nan	nan	0.0421053
1 31 7	nan	nan	0.0380952
1 31 8	nan	nan	0.0347826
1 31 9	nan	nan	0.0320000
1 31 10	nan	nan	0.0296296
1 31 11	nan	nan	0.0275862
1 31 12	nan	nan	0.0258065
1 31 13	nan	nan	0.0242424
1 31 14	nan	nan	0.0228571
1 31 15	nan	nan	0.0216216
1 31 16	nan	nan	0.0205128
1 31 17	nan	nan	0.0195122
1 31 18	nan	nan	0.0186047
1 31 19	nan	nan	0.0177778
1 31 20	nan	nan	0.0170213
1 32 1	nan	nan	0.0888889
1 32 2	nan	nan	0.0727273
1 32 3	nan	nan	0.0615385
1 32 4	nan	nan	0.0533333
1 32 5	nan	nan	0.0470588
1 32 6	nan	nan	0.0421053
1 32 7	nan	nan	0.0380952
1 32 8	nan	nan	0.0347826
1 32 9	nan	nan	0.0320000
1 32 10	nan	nan	0.0296296
1 32 11	nan	nan	0.0275862
1 32 12	nan	nan	0.0258065
1 32 13	nan	nan	0.0242424
1 32 14	nan	nan	0.0228571
1 32 15	nan	nan	0.0216216
1 32 16	nan	nan	0.0205128
1 32 17	nan	nan	0.0195122
1 32 18	nan	nan	0.0186047
1 32 19	nan	nan	0.0177778
1 32 20	nan	nan	0.0170213
1 33 1	nan	nan	0.0888889
1 33 2	nan	nan	0.0727273
1 33 3	nan	nan	0.0615385
1 33 4	nan	nan	0.0533333
1 33 5	nan	nan	0.0470588
1 33 6	nan	nan	0.0421053
1 33 7	nan	nan	0.0380952
1 33 8	nan	nan	0.0347826
1 33 9	nan	nan	0.0320000
1 33 10	nan	nan	0.0296296
1 33 11	nan	nan	0.0275862
1 33 12	nan	nan	0.0258065
1 33 13	nan	nan	0.0242424
1 33 14	nan	nan	0.0228571
1 33 15	nan	nan	0.0216216
1 33 16	nan	nan	0.0205128
1 33 17	nan	nan	0.0195122
1 33 18	nan	nan	0.0186047
1 33 19	nan	nan	0.0177778
1 33 20	nan	nan	0.0170213
1 34 1	nan	nan	0.0888889
1 34 2	nan	nan	0.0727273
1 34 3	nan	nan	0.0615385
1 34 4	nan	nan	0.0533333
1 34 5	nan	nan	0.0470588
1 34 6	nan	nan	0.0421053
1 34 7	nan	nan	0.0380952
1 34 8	nan	nan	0.0347826
1 34 9	nan	nan	0.0320000
1 34 10	nan	nan	0.0296296
1 34 11	nan	nan	0.0275862
1 34 12	nan	nan	0.0258065
1 34 13	nan	nan	0.0242424
1 34 14	nan	nan	0.0228571
1 34 15	nan	nan	0.0216216
1 34 16	nan	nan	0.0205128
1 34 17	nan	nan	0.0195122
1 34 18	nan	nan	0.0186047
1 34 19	nan	nan	0.0177778
1 34 20	nan	nan	0.0170213
1 35 1	nan	nan	0.0888889
1 35 2	nan	nan	0.0727273
1 35 3	nan	nan	0.0615385
1 35 4	nan	nan	0.0533333
1 35 5	nan	nan	0.0470588
1 35 6	nan	nan	0.0421053
1 35 7	nan	nan	0.0380952
1 35 8	nan	nan	0.0347826
1 35 9	nan	nan	0.0320000
1 35 10	nan	nan	0.0296296
1 35 11	nan	nan	0.0275862
1 35 12	nan	nan	0.0258065
1 35 13	nan	nan	0.0242424
1 35 14	nan	nan	0.0228571
1 35 15	nan	nan	0.0216216
1 35 16	nan	nan	0.0205128
1 35 17	nan	nan	0.0195122
1 35 18	nan	nan	0.0186047
1 35 19	nan	nan	0.0177778
1 35 20	nan	nan	0.0170213
1 36 1	nan	nan	0.0888889
1 36 2	nan	nan	0.0727273
1 36 3	nan	nan	0.0615385
1 36 4	nan	nan	0.0533333
1 36 5	nan	nan	0.0470588
1 36 6	nan	nan	0.0421053
1 36 7	nan	nan	0.0380952
1 36 8	nan	nan	0.0347826
1 36 9	nan	nan	0.0320000
1 36 10	nan	nan	0.0296296
1 36 11	nan	nan	0.0275862
1 36 12	nan	nan	0.0258065
1 36 13	nan	nan	0.0242424
1 36 14	nan	nan	0.0228571
1 36 15	nan	nan	0.0216216
1 36 16	nan	nan	0.0205128
1 36 17	nan	nan	0.0195122
1 36 18	nan	nan	0.0186047
1 36 19	nan	nan	0.0177778
1 36 20	nan	nan	0.0170213
1 37 1	nan	nan	0.0888889
1 37 2	nan	nan	0.0727273
1 37 3	nan	nan	0.0615385
1 37 4	nan	nan	0.0533333
1 37 5	nan	nan	0.0470588
1 37 6	nan	nan	0.0421053
1 37 7	nan	nan	0.0380952
1 37 8	nan	nan	0.0347826
1 37 9	nan	nan	0.0320000
1 37 10	nan	nan	0.0296296
1 37 11	nan	nan	0.0275862
1 37 12	nan	nan	0.0258065
1 37 13	nan	nan	0.0242424
1 37 14	nan	nan	0.0228571
1 37 15	nan	nan	0.0216216
1 37 16	nan	nan	0.0205128
1 37 17	nan	nan	0.0195122
1 37 18	nan	nan	0.0186047
1 37 19	nan	nan	0.0177778
1 37 20	nan	nan	0.0170213
1 38 1	nan	nan	0.0888889
1 38 2	nan	nan	0.0727273
1 38 3	nan	nan	0.0615385
1 38 4	nan	nan	0.0533333
1 38 5	nan	nan	0.0470588
1 38 6	nan	nan	0.0421053
1 38 7	nan	nan	0.0380952
1 38 8	nan	nan	0.0347826
1 38 9	nan	nan	0.0320000
1 38 10	nan	nan	0.0296296
1 38 11	nan	nan	0.0275862
1 38 12	nan	nan	0.0258065
1 38 13	nan	nan	0.0242424
1 38 14	nan	nan	0.0228571
1 38 15	nan	nan	0.0216216
1 38 16	nan	nan	0.0205128
1 38 17	nan	nan	0.0195122
1 38 18	nan	nan	0.0186047
1 38 19	nan	nan	0.0177778
1 38 20	nan	nan	0.0170213
1 39 1	nan	nan	0.0888889
1 39 2	nan	nan	0.0727273
1 39 3	nan	nan	0.0615385
1 39 4	nan	nan	0.0533333
1 39 5	nan	nan	0.0470588
1 39 6	nan	nan	0.0421053
1 39 7	nan	nan	0.0380952
1 39 8	nan	nan	0.0347826
1 39 9	nan	nan	0.0320000
1 39 10	nan	nan	0.0296296
1 39 11	nan	nan	0.0275862
1 39 12	nan	nan	0.0258065
1 39 13	nan	nan	0.0242424
1 39 14	nan	nan	0.0228571
1 39 15	nan	nan	0.0216216
1 39 16	nan	nan	0.0205128
1 39 17	nan	nan	0.0195122
1 39 18	nan	nan	0.0186047
1 39 19	nan	nan	0.0177778
1 39 20	nan	nan	0.0170213
1 40 1	0.0000000	0.000000000	0.0888889
1 40 2	0.0000000	0.000000000	0.0727273
1 40 3	0.0000000	0.000000000	0.0615385
1 40 4	0.0000000	0.000000000	0.0533333
1 40 5	0.0000000	0.000000000	0.0470588
1 40 6	0.0000000	0.000000000	0.0421053
1 40 7	0.0000000	0.000000000	0.0380952
1 40 8	0.0000000	0.000000000	0.0347826
1 40 9	0.0000000	0.000000000	0.0320000
1 40 10	0.0000000	0.000000000	0.0296296
1 40 11	0.0000000	0.000000000	0.0275862
1 40 12	0.0000000	0.000000000	0.0258065
1 40 13	0.0000000	0.000000000	0.0242424
1 40 14	0.0000000	0.000000000	0.0228571
1 40 15	0.0000000	0.000000000	0.0216216
1 40 16	0.0000000	0.000000000	0.0205128
1 40 17	0.0000000	0.000000000	0.0195122
1 40 18	0.0000000	0.000000000	0.0186047
1 40 19	0.0000000	0.000000000	0.0177778
1 40 20	0.0000000	0.000000000	0.0170213
